pinch_calibration_max: [79.40294527268466, 145.21662350760863, 156.94782726441642]
pinch_calibration_min: [79.49322074288001, 145.17743465649622, 156.99562468448016]
