pinch_calibration_max: [150.49418008201093, 176.6348032287471, 175.88743677810726]
pinch_calibration_min: [150.42942518063666, 176.8299785146081, 176.38484948370873]
