pinch_calibration_max: [79.418648429602, 145.30475888724987, 156.96175112994197]
pinch_calibration_min: [79.43377106630732, 145.36088277425935, 156.97318948362505]
